camera_id: "0" 
camera: "/dev/video0"
height: 1080 
width: 1920
frequency: 60
display_video: true
camera_matrix: [1.06662602e+03, 0, 9.34438762e+02, 0, 1.06702175e+03, 5.58367833e+02]
dist_coeffs: [0.15133433, -0.3597004, -0.00049652, -0.00261917, 0.17594971]

# Matrix:
#  [[1.06662602e+03 0.00000000e+00 9.34438762e+02]
#  [0.00000000e+00 1.06702175e+03 5.58367833e+02]
#  [0.00000000e+00 0.00000000e+00 1.00000000e+00]]
# Dist:
#  [[ 0.15133433 -0.3597004  -0.00049652 -0.00261917  0.17594971]]


# camera_matrix: [497.67147877, 0, 607.36793058, 0, 492.46510858, 372.1106171]
# dist_coeffs: [-6.62715899e-2, -5.83370433e-3, 2.84978724e-2, -1.59403498e-5, -1.53564087e-3]

# camera_matrix: [7.72581243e+02, 0.0, 6.43862893e+02, 0.0, 1.42291478e+03, 3.53782883e+02]
# dist_coeffs: [0.04010812, -0.21962148, 0.04814885, 0.07777561, 0.1409484]

# camera_matrix: [1268.19409, 0.0, 622.953886, 0.0, 1005.01675, 355.354275]
# dist_coeffs: [-0.36198109,  1.96895578, -0.01065191, -0.00996328, -3.68036241]
